35.09
35.09
35.09
35.09
38.11
38.09
38.06
37.99
37.99
37.87
37.78
37.72
37.6
37.51
37.51
37.48
37.39
37.36
37.33
37.33
37.36
37.42
37.51
37.63
37.7
37.69
37.63
37.6
37.48
37.39
37.24
37.11
37.02
36.96
36.9
36.87
36.87
36.87
36.85
36.85
36.89
36.97
37.02
37.08
37.14
37.17
37.11
37.11
37.02
37.02
36.96
36.9
36.81
36.75
36.66
36.6
36.42
36.36
36.36
36.39
36.43
36.45
36.54
36.6
36.69
36.72
36.78
36.81
36.81
36.84
36.78
36.75
36.72
36.63
36.6
36.54
36.48
36.42
36.36
36.3
36.27
36.27
36.24
36.33
36.36
36.36
36.39
36.45
36.54
36.6
36.66
36.66
36.66
36.66
36.6
36.48
36.39
36.3
36.19
36.19
36.06
36.12
36.21
36.36
36.24
36.24
36.21
36.15
36.03
35.94
35.89
35.81
35.84
35.81
35.81
35.72
35.72
35.63
35.57
35.51
35.45
35.37
35.36
35.36
35.36
35.39
35.45
35.48
35.48
35.45
35.36
35.24
35.24
35.24
35.27
35.33
35.45
35.51
35.48
35.51
35.51
35.48
35.48
35.42
35.36
35.33
35.24
35.21
35.15
35.09
35.09
35.12
35.12
35.15
35.21
35.42
35.51
35.6
35.66
35.72
35.72
35.69
35.63
35.6
35.51
35.42
35.36
35.27
35.21
35.12
35.09
35.09
35.09
35.06
35.06
34.97
34.97
35.06
35.15
35.21
35.48
35.57
35.6
35.6
35.57
35.52
35.45
35.36
35.24
35.21
35.15
35.09
35.09
35.21
35.21
35.21
35.12
35.03
35
35.09
35.15
35.22
35.36
35.45
35.54
35.6
35.6
35.57
35.45
35.39
35.33
35.21
35.15
35.12
35.09
35.06
35.09
35.09
35.09
35
35.03
35.09
35.13
35.21
35.33
35.42
35.54
35.6
35.66
35.66
35.66
35.63
35.6
35.54
35.48
35.42
35.36
35.21
35.18
35.15
35.12
35.15
35.18
35.21
35.21
35.3
35.45
35.54
35.66
35.72
35.78
35.78
35.72
35.69
35.6
35.48
35.39
35.36
35.3
35.28
35.36
35.45
35.51
35.64
35.6
35.51
35.42
35.33
35.24
35.18
35.15
35.21
35.3
35.34
35.39
35.42
35.36
35.33
35.24
35.18
35.09
35.09
35.09
35.15
35.48
35.63
35.63
35.61
35.57
35.48
36.6
36.6
36.6
36.6
36.6
36.6
36.6
36.6
36.6
36.6
36.6
36.6
36.66
36.66
36.66
36.66
36.66
36.66
36.66
36.66
36.66
36.66
36.66
36.66
36.72
36.72
36.72
36.72
36.72
36.72
36.72
36.72
36.72
36.72
36.72
36.72
36.72
36.72
36.72
36.72
36.72
36.72
36.72
36.72
36.72
36.72
36.72
36.72
36.75
36.75
36.75
36.75
36.75
36.75
36.75
36.75
36.75
36.75
36.75
36.75
36.75
36.75
36.75
36.75
36.75
36.75
36.75
36.75
36.75
36.75
36.75
36.75
36.75
36.75
36.75
36.75
36.75
36.75
36.75
36.75
36.75
36.75
36.75
36.75
36.75
36.75
36.75
36.75
36.75
36.75
36.75
36.75
36.75
36.75
36.75
36.75
36.66
36.66
36.66
36.66
36.66
36.66
36.66
36.66
36.66
36.66
36.66
36.66
36.63
36.63
36.63
36.63
36.63
36.63
36.63
36.63
36.63
36.63
36.63
36.63
36.57
36.57
36.57
36.57
36.57
36.57
36.57
36.57
36.57
36.57
36.57
36.57
36.54
36.54
36.54
36.54
36.54
36.54
36.54
36.54
36.54
36.54
36.54
36.54
36.48
36.48
36.48
36.48
36.48
36.48
36.48
36.48
36.48
36.48
36.48
36.48
36.48
36.48
36.48
36.48
36.48
36.48
36.48
36.48
36.54
36.54
36.54
36.54
36.54
36.54
36.54
36.54
36.6
36.64
36.72
36.75
36.85
36.96
37.05
37.11
37.24
37.21
37.24
37.24
37.21
37.21
37.21
37.17
37.11
37.08
37.02
37.02
37.02
37.06
37.12
37.18
37.2
37.29
37.36
37.48
37.57
37.63
37.66
37.72
37.72
37.72
37.63
37.63
37.57
37.51
37.45
37.42
37.36
37.33
37.33
37.33
37.36
37.39
37.39
37.42
37.45
37.51
37.57
37.6
37.57
37.63
37.63
37.6
37.55
37.51
37.45
37.36
37.3
37.24
37.14
37.14
37.11
37.11
37.11
37.11
37.14
37.1
37.07
37.06
37.09
37.12
37.24
37.27
37.39
37.39
37.48
37.45
37.48
37.45
37.39
37.33
37.3
37.27
37.14
37.08
37.02
37.02
37.02
37.01
37.04
37.09
37.11
37.18
37.26
37.36
37.42
37.48
37.48
37.51
37.51
37.51
37.45
37.42
37.36
37.3
37.24
37.21
37.11
37.05
37.05
36.99
36.99
36.99
36.99
36.99
36.99
36.99
36.99
36.99
37.01
37.05
37.12
37.18
37.24
37.33
37.39
37.42
37.51
37.51
37.54
37.54
37.54
37.51
37.39
37.39
37.39
37.3
37.27
37.24
37.24
37.3
37.36
37.36
37.36
37.38
37.38
37.38
37.48
37.48
37.48
37.48
37.61
37.66
37.78
42.08
41.77
40.53
40.14
39.62
39.08
38.93
38.72
38.63
38.48
38.29
38.17
38.02
37.87
37.84
37.63
37.6
37.57
37.51
37.48
37.45
37.45
37.45
37.48
37.51
37.63
37.63
37.69
37.72
37.69
37.69
37.66
37.63
37.54
37.42
37.33
37.24
37.14
37.11
37.05
37.02
36.99
36.99
36.97
37
37.03
37.08
37.17
37.27
37.39
37.42
37.51
37.54
37.51
37.51
37.48
37.39
37.33
37.24
37.14
37.05
36.99
36.9
36.87
36.85
36.87
36.87
36.9
36.91
36.94
36.99
37.11
37.24
37.33
37.36
37.33
37.3
37.24
37.08
36.99
36.9
36.84
36.75
36.66
36.6
36.54
36.54
36.42
36.45
36.48
36.48
36.51
36.57
36.63
36.69
36.75
36.78
36.84
36.81
36.78
36.75
36.69
36.63
36.54
36.48
36.39
36.33
36.24
36.18
36.12
36.06
36.03
36.09
36.09
36.13
36.18
36.24
36.36
36.39
36.48
36.51
36.51
36.57
36.54
36.48
36.42
36.36
36.27
36.21
36.12
36.03
35.96
35.93
35.87
35.9
35.93
35.96
35.96
35.97
36.03
36.03
36
35.96
35.9
35.84
35.84
35.78
35.66
35.63
35.6
35.57
35.51
35.48
35.48
35.42
35.45
35.45
35.45
35.45
35.45
35.45
35.42
35.45
35.46
35.48
35.51
35.57
35.57
35.6
35.57
35.6
35.51
35.48
35.43
35.36
35.31
35.25
35.21
35.15
35.12
35.15
35.09
35.09
35.09
35.09